?([
[Date.UTC(2017, 2, 28), 03],
[Date.UTC(2017, 3,  1), 03],
[Date.UTC(2017, 3,  2), 03],
[Date.UTC(2017, 3,  3), 04],
[Date.UTC(2017, 3,  4), 04],
[Date.UTC(2017, 3,  5), 04],
[Date.UTC(2017, 3,  6), 03],
[Date.UTC(2017, 3,  7), 03],
[Date.UTC(2017, 3,  8), 04],
[Date.UTC(2017, 3,  9), 03],
[Date.UTC(2017, 3, 10), 03],
[Date.UTC(2017, 3, 11), 02],
[Date.UTC(2017, 3, 12), 02],
[Date.UTC(2017, 3, 13), 02],
[Date.UTC(2017, 3, 14), 02],
[Date.UTC(2017, 3, 15), 03],
[Date.UTC(2017, 3, 16), 03],
[Date.UTC(2017, 3, 17), 41],
[Date.UTC(2017, 3, 18), 03],
[Date.UTC(2017, 3, 19), 02],
[Date.UTC(2017, 3, 20), 03],
[Date.UTC(2017, 3, 21), 03],
[Date.UTC(2017, 3, 22), 03],
[Date.UTC(2017, 3, 23), 03],
[Date.UTC(2017, 3, 24), 05],
[Date.UTC(2017, 3, 25), 03],
[Date.UTC(2017, 3, 26), 03],
[Date.UTC(2017, 3, 27), 03],
[Date.UTC(2017, 3, 28), 14],
[Date.UTC(2017, 3, 29), 18],
[Date.UTC(2017, 3, 30), 37],
[Date.UTC(2017, 3, 31), 04],
[Date.UTC(2017, 4,  1), 08],
[Date.UTC(2017, 4,  2), 03],
[Date.UTC(2017, 4,  3), 03],
[Date.UTC(2017, 4,  4), 02],
[Date.UTC(2017, 4,  5), 05],
]);